1 2 3 4 7 8
/* end */
4 7 8 1 2 3
/* end */
1 7 8 2 3 4
/* end */
7 8 3 4  1 2
/* end */
0 0 0 -1 10
/* end */
100 99 98 97 96 95 94 93 92 91 90
/* end */
10000 9999 9998 9997 9996 9995 9994 9993 9992 9991 9990 9989 9988 9987 9986 9985 9984 9983 9982 9981 9980 9979 9978 9977 9976 9975 9974 9973 9972 9971 9970 9969 9968 9967 9966 9965 9964 9963 9962 9961 9960 9959 9958 9957 9956 9955 9954 9953 9952 9951 9950 9949 9948 9947 9946 9945 9944 9943 9942 9941 9940 9939 9938 9937 9936 9935 9934 9933 9932 9931 9930 9929 9928 9927 9926 9925 9924 9923 9922 9921 9920 9919 9918 9917 9916 9915 9914 9913 9912 9911 9910 9909 9908 9907 9906 9905 9904 9903 9902 9901 9900 9899 9898 9897 9896 9895 9894 9893 9892 9891 9890 9889 9888 9887 9886 9885 9884 9883 9882 9881 9880 9879 9878 9877 9876 9875 9874 9873 9872 9871 9870 9869 9868 9867 9866 9865 9864 9863 9862 9861 9860 9859 9858 9857 9856 9855 9854 9853 9852 9851 9850 9849 9848 9847 9846 9845 9844 9843 9842 9841 9840 9839 9838 9837 9836 9835 9834 9833 9832 9831 9830 9829 9828 9827 9826 9825 9824 9823 9822 9821 9820 9819 9818 9817 9816 9815 9814 9813 9812 9811 9810 9809 9808 9807 9806 9805 9804 9803 9802 9801 9800 9799 9798 9797 9796 9795 9794 9793 9792 9791 9790 9789 9788 9787 9786 9785 9784 9783 9782 9781 9780 9779 9778 9777 9776 9775 9774 9773 9772 9771 9770 9769 9768 9767 9766 9765 9764 9763 9762 9761 9760 9759 9758 9757 9756 9755 9754 9753 9752 9751 9750 9749 9748 9747 9746 9745 9744 9743 9742 9741 9740 9739 9738 9737 9736 9735 9734 9733 9732 9731 9730 9729 9728 9727 9726 9725 9724 9723 9722 9721 9720 9719 9718 9717 9716 9715 9714 9713 9712 9711 9710 9709 9708 9707 9706 9705 9704 9703 9702 9701 9700 9699 9698 9697 9696 9695 9694 9693 9692 9691 9690 9689 9688 9687 9686 9685 9684 9683 9682 9681 9680 9679 9678 9677 9676 9675 9674 9673 9672 9671 9670 9669 9668 9667 9666 9665 9664 9663 9662 9661 9660 9659 9658 9657 9656 9655 9654 9653 9652 9651 9650 9649 9648 9647 9646 9645 9644 9643 9642 9641 9640 9639 9638 9637 9636 9635 9634 9633 9632 9631 9630 9629 9628 9627 9626 9625 9624 9623 9622 9621 9620 9619 9618 9617 9616 9615 9614 9613 9612 9611 9610 9609 9608 9607 9606 9605 9604 9603 9602 9601 9600 9599 9598 9597 9596 9595 9594 9593 9592 9591 9590 9589 9588 9587 9586 9585 9584 9583 9582 9581 9580 9579 9578 9577 9576 9575 9574 9573 9572 9571 9570 9569 9568 9567 9566 9565 9564 9563 9562 9561 9560 9559 9558 9557 9556 9555 9554 9553 9552 9551 9550 9549 9548 9547 9546 9545 9544 9543 9542 9541 9540 9539 9538 9537 9536 9535 9534 9533 9532 9531 9530 9529 9528 9527 9526 9525 9524 9523 9522 9521 9520 9519 9518 9517 9516 9515 9514 9513 9512 9511 9510 9509 9508 9507 9506 9505 9504 9503 9502 9501 9500 9499 9498 9497 9496 9495 9494 9493 9492 9491 9490 9489 9488 9487 9486 9485 9484 9483 9482 9481 9480 9479 9478 9477 9476 9475 9474 9473 9472 9471 9470 9469 9468 9467 9466 9465 9464 9463 9462 9461 9460 9459 9458 9457 9456 9455 9454 9453 9452 9451 9450 9449 9448 9447 9446 9445 9444 9443 9442 9441 9440 9439 9438 9437 9436 9435 9434 9433 9432 9431 9430 9429 9428 9427 9426 9425 9424 9423 9422 9421 9420 9419 9418 9417 9416 9415 9414 9413 9412 9411 9410 9409 9408 9407 9406 9405 9404 9403 9402 9401 9400 9399 9398 9397 9396 9395 9394 9393 9392 9391 9390 9389 9388 9387 9386 9385 9384 9383 9382 9381 9380 9379 9378 9377 9376 9375 9374 9373 9372 9371 9370 9369 9368 9367 9366 9365 9364 9363 9362 9361 9360 9359 9358 9357 9356 9355 9354 9353 9352 9351 9350 9349 9348 9347 9346 9345 9344 9343 9342 9341 9340 9339 9338 9337 9336 9335 9334 9333 9332 9331 9330 9329 9328 9327 9326 9325 9324 9323 9322 9321 9320 9319 9318 9317 9316 9315 9314 9313 9312 9311 9310 9309 9308 9307 9306 9305 9304 9303 9302 9301 9300 9299 9298 9297 9296 9295 9294 9293 9292 9291 9290 9289 9288 9287 9286 9285 9284 9283 9282 9281 9280 9279 9278 9277 9276 9275 9274 9273 9272 9271 9270 9269 9268 9267 9266 9265 9264 9263 9262 9261 9260 9259 9258 9257 9256 9255 9254 9253 9252 9251 9250 9249 9248 9247 9246 9245 9244 9243 9242 9241 9240 9239 9238 9237 9236 9235 9234 9233 9232 9231 9230 9229 9228 9227 9226 9225 9224 9223 9222 9221 9220 9219 9218 9217 9216 9215 9214 9213 9212 9211 9210 9209 9208 9207 9206 9205 9204 9203 9202 9201 9200 9199 9198 9197 9196 9195 9194 9193 9192 9191 9190 9189 9188 9187 9186 9185 9184 9183 9182 9181 9180 9179 9178 9177 9176 9175 9174 9173 9172 9171 9170 9169 9168 9167 9166 9165 9164 9163 9162 9161 9160 9159 9158 9157 9156 9155 9154 9153 9152 9151 9150 9149 9148 9147 9146 9145 9144 9143 9142 9141 9140 9139 9138 9137 9136 9135 9134 9133 9132 9131 9130 9129 9128 9127 9126 9125 9124 9123 9122 9121 9120 9119 9118 9117 9116 9115 9114 9113 9112 9111 9110 9109 9108 9107 9106 9105 9104 9103 9102 9101 9100 9099 9098 9097 9096 9095 9094 9093 9092 9091 9090 9089 9088 9087 9086 9085 9084 9083 9082 9081 9080 9079 9078 9077 9076 9075 9074 9073 9072 9071 9070 9069 9068 9067 9066 9065 9064 9063 9062 9061 9060 9059 9058 9057 9056 9055 9054 9053 9052 9051 9050 9049 9048 9047 9046 9045 9044 9043 9042 9041 9040 9039 9038 9037 9036 9035 9034 9033 9032 9031 9030 9029 9028 9027 9026 9025 9024 9023 9022 9021 9020 9019 9018 9017 9016 9015 9014 9013 9012 9011 9010 9009 9008 9007 9006 9005 9004 9003 9002 9001 9000 8999 8998 8997 8996 8995 8994 8993 8992 8991 8990 8989 8988 8987 8986 8985 8984 8983 8982 8981 8980 8979 8978 8977 8976 8975 8974 8973 8972 8971 8970 8969 8968 8967 8966 8965 8964 8963 8962 8961 8960 8959 8958 8957 8956 8955 8954 8953 8952 8951 8950 8949 8948 8947 8946 8945 8944 8943 8942 8941 8940 8939 8938 8937 8936 8935 8934 8933 8932 8931 8930 8929 8928 8927 8926 8925 8924 8923 8922 8921 8920 8919 8918 8917 8916 8915 8914 8913 8912 8911 8910 8909 8908 8907 8906 8905 8904 8903 8902 8901 8900 8899 8898 8897 8896 8895 8894 8893 8892 8891 8890 8889 8888 8887 8886 8885 8884 8883 8882 8881 8880 8879 8878 8877 8876 8875 8874 8873 8872 8871 8870 8869 8868 8867 8866 8865 8864 8863 8862 8861 8860 8859 8858 8857 8856 8855 8854 8853 8852 8851 8850 8849 8848 8847 8846 8845 8844 8843 8842 8841 8840 8839 8838 8837 8836 8835 8834 8833 8832 8831 8830 8829 8828 8827 8826 8825 8824 8823 8822 8821 8820 8819 8818 8817 8816 8815 8814 8813 8812 8811 8810 8809 8808 8807 8806 8805 8804 8803 8802 8801 8800 8799 8798 8797 8796 8795 8794 8793 8792 8791 8790 8789 8788 8787 8786 8785 8784 8783 8782 8781 8780 8779 8778 8777 8776 8775 8774 8773 8772 8771 8770 8769 8768 8767 8766 8765 8764 8763 1061 1060 1059 1058 1057 1056 1055 1054 1053 1052 1051 1050 1049 1048 1047 1046 1045 1044 1043 1042 1041 1040 1039 1038 1037 1036 1035 1034 1033 1032 1031 1030 1029 1028 1027 1026 1025 1024 1023 1022 1021 1020 1019 1018 1017 1016 1015 1014 1013 1012 1011 1010 1009 1008 1007 1006 1005 1004 1003 1002 1001 1000 999 998 997 996 995 994 993 992 991 990 989 988 987 986 985 984 983 982 981 980 979 978 977 976 975 974 973 972 971 970 969 968 967 966 965 964 963 962 961 960 959 958 957 956 955 954 953 952 951 950 949 948 947 946 945 944 943 942 941 940 939 938 937 936 935 934 933 932 931 930 929 928 927 926 925 924 923 922 921 920 919 918 917 916 915 914 913 912 911 910 909 908 907 906 905 904 903 902 901 900 899 898 897 896 895 894 893 892 891 890 889 888 887 886 885 884 883 882 881 880 879 878 877 876 875 874 873 872 871 870 869 868 867 866 865 864 863 862 861 860 859 858 857 856 855 854 853 852 851 850 849 848 847 846 845 844 843 842 841 840 839 838 837 836 835 834 833 832 831 830 829 828 827 826 825 824 823 822 821 820 819 818 817 816 815 814 813 812 811 810 809 808 807 806 805 804 803 802 801 800 799 798 797 796 795 794 793 792 791 790 789 788 787 786 785 784 783 782 781 780 779 778 777 776 775 774 773 772 771 770 769 768 767 766 765 764 763 762 761 760 759 758 757 756 755 754 753 752 751 750 749 748 747 746 745 744 743 742 741 740 739 738 737 736 735 734 733 732 731 730 729 728 727 726 725 724 723 722 721 720 719 718 717 716 715 714 713 712 711 710 709 708 707 706 705 704 703 702 701 700 699 698 697 696 695 694 693 692 691 690 689 688 687 686 685 684 683 682 681 680 679 678 677 676 675 674 673 672 671 670 669 668 667 666 665 664 663 662 661 660 659 658 657 656 655 654 653 652 651 650 649 648 647 646 645 644 643 642 641 640 639 638 637 636 635 634 633 632 631 630 629 628 627 626 625 624 623 622 621 620 619 618 617 616 615 614 613 612 611 610 609 608 607 606 605 604 603 602 601 600 599 598 597 596 595 594 593 592 591 590 589 588 587 586 585 584 583 582 581 580 579 578 577 576 575 574 573 572 571 570 569 568 567 566 565 564 563 562 561 560 559 558 557 556 555 554 553 552 551 550 549 547 546 545 544 543 542 541 540 539 538 537 536 535 534 533 532 531 530 529 528 527 526 525 524 523 522 521 520 519 518 517 516 515 514 513 512 511 510 509 508 507 506 505 504 503 502 501 500 499 498 497 496 495 494 493 492 491 490 489 488 487 486 485 484 483 482 481 480 479 478 477 476 475 474 473 472 471 470 469 468 467 466 465 464 463 462 461 460 459 458 457 456 455 454 453 452 451 450 449 448 447 446 445 444 443 442 441 440 439 438 437 436 435 434 433 432 431 430 429 428 427 426 425 424 423 422 421 420 419 418 417 416 415 414 413 412 411 410 409 408 407 406 405 404 403 402 401 400 399 398 397 396 395 394 393 392 391 390 389 388 387 386 385 384 383 382 381 380 379 378 377 376 375 374 373 372 371 370 369 368 367 366 365 364 363 362 361 360 359 358 357 356 355 354 353 352 351 350 349 348 347 346 345 344 343 342 341 340 339 338 337 336 335 334 333 332 331 330 329 328 327 326 325 324 323 322 321 320 319 318 317 316 315 314 313 312 311 310 309 308 307 306 305 304 303 302 301 300 299 298 297 296 295 294 293 292 291 290 289 288 287 286 285 284 283 282 281 280 279 278 277 276 275 274 273 272 271 270 269 268 267 266 265 264 263 262 261 260 259 258 257 256 255 254 253 252 251 250 249 248 247 246 245 244 243 242 241 240 239 238 237 236 235 234 233 232 231 230 229 228 227 226 225 224 223 222 221 220 219 218 217 216 215 214 213 212 211 210 209 208 207 206 205 204 203 202 201 200 199 198 197 196 195 194 193 192 191 190 189 188 187 186 185 184 183 182 181 180 179 178 177 176 175 174 173 172 171 170 169 168 167 166 165 164 163 162 161 160 159 158 157 156 155 154 153 152 151 150 149 148 147 146 145 144 143 142 141 140 139 138 137 136 135 134 133 132 131 130 129 128 127 126 125 124 123 122 121 120 119 118 117 116 115 114 113 112 111 110 109 108 107 106 105 104 103 102 101 100 99 98 97 96 95 94 93 92 91 90 89 88 87 86 85 84 83 82 81 80 79 78 77 76 75 74 73 72 71 70 69 68 67 66 65 64 63 62 61 60 59 58 57 56 55 54 53 52 51 50 49 48 47 46 45 44 43 42 41 40 39 38 37 36 35 34 33 32 31 30 29 28 27 26 25 24 23 22 21 20 19 18 17 16 15 14 13 12 11 10 9 8 7 6 5 4 3 2
/* end */